36 36 40 40 132 140 144 144 272 272 280 280 280 280 284 284 284 288 288 292 296 296 300 300 300 300 300 300 304 312 312 400 404 404 404 404 408 408 408 412 412 412 428 436 440 
32 36 36 40 40 132 136 140 144 144 272 272 276 280 280 280 280 284 284 284 288 292 292 296 296 300 300 300 300 300 304 304 308 312 400 404 404 408 408 412 428 432 432 440 440 
32 36 36 40 40 136 136 144 144 148 272 272 276 280 280 280 284 284 284 284 288 288 292 292 296 296 300 300 300 300 300 304 308 308 400 404 404 408 408 408 408 408 408 428 432 432 440 440 
32 36 36 40 40 136 144 144 148 272 276 276 276 280 280 280 284 284 284 284 288 288 292 292 296 296 296 300 300 300 304 308 400 404 404 408 408 408 408 432 440 440 
32 36 36 40 136 140 144 148 272 276 276 280 280 280 284 284 284 284 288 292 292 296 296 296 300 300 300 308 308 400 404 404 404 408 408 408 432 440 440 
32 36 36 40 140 140 144 148 148 272 276 276 276 280 280 280 280 284 284 284 288 288 292 292 292 296 296 296 300 300 304 308 400 400 404 404 404 408 408 408 408 432 432 440 440 444 
32 36 36 40 140 140 148 148 272 276 276 276 280 280 280 280 280 284 284 284 288 288 288 292 292 292 296 300 304 304 308 400 400 400 404 404 408 408 432 432 440 440 444 
32 36 36 40 144 144 148 148 272 276 276 276 280 280 280 280 284 284 284 284 288 288 288 292 292 296 296 296 300 304 396 400 400 400 404 408 408 432 432 440 
32 32 36 36 144 144 148 148 272 276 276 276 276 280 280 280 280 284 284 284 284 288 288 296 296 304 396 400 400 400 404 404 404 408 408 432 440 440 
32 32 36 36 144 144 144 144 144 144 272 276 276 276 280 280 280 280 284 284 284 288 288 288 292 292 296 296 304 392 396 400 404 404 404 404 432 432 440 440 
32 32 36 36 144 144 144 144 144 144 272 276 276 276 276 276 280 280 280 280 284 284 284 288 288 288 288 292 292 296 304 392 396 400 400 404 404 404 432 432 436 440 440 
32 32 36 36 144 144 144 144 144 148 272 276 276 276 276 280 280 280 280 284 284 284 284 288 288 288 288 292 296 304 392 396 396 400 400 404 404 404 404 432 436 440 
32 32 36 36 140 140 144 144 144 144 148 272 276 276 276 276 280 280 280 280 284 284 284 284 288 288 292 304 388 392 396 396 400 400 404 404 436 436 440 
32 32 36 36 140 140 140 144 148 272 276 276 276 280 280 280 280 280 280 280 280 284 284 284 284 284 288 292 304 304 388 388 392 396 396 400 400 404 404 436 436 440 
32 32 36 36 140 140 140 144 144 272 276 276 280 280 280 280 280 280 280 280 284 284 284 284 288 292 304 388 392 392 392 396 396 400 400 400 404 436 436 440 
32 32 32 36 36 136 140 140 140 144 144 272 276 276 280 280 280 280 280 280 280 284 284 284 284 284 284 284 288 304 304 388 392 392 396 396 400 400 436 436 440 440 
32 32 36 136 136 136 140 144 144 272 276 276 280 280 280 280 280 284 284 284 284 284 284 284 284 300 300 304 384 388 392 392 396 396 400 400 436 440 440 
32 32 36 132 136 136 144 144 276 276 280 280 280 280 280 284 284 284 284 284 284 288 288 300 300 304 384 388 392 392 396 400 436 436 440 440 
32 32 36 132 136 136 140 140 144 276 276 280 280 280 280 284 284 284 284 284 288 288 288 292 300 300 384 388 388 392 392 396 396 400 400 436 436 440 440 444 
32 32 36 128 132 132 136 140 140 276 276 276 280 280 280 280 284 284 284 288 288 292 292 300 300 384 384 388 388 388 396 396 396 436 436 436 440 440 440 444 
32 32 36 36 128 128 132 140 140 272 276 276 276 276 280 280 280 280 280 284 284 284 284 288 292 292 296 296 300 384 384 384 388 388 388 396 396 396 396 436 436 440 440 440 
32 32 36 36 128 128 128 132 136 136 140 140 272 276 276 276 276 276 276 280 280 280 280 284 284 284 288 292 296 296 296 300 384 384 384 384 388 388 396 396 436 436 440 440 440 444 
32 32 36 36 128 128 136 136 276 276 276 276 276 280 280 280 284 284 284 288 292 296 296 296 300 300 380 384 384 388 392 392 396 396 396 436 436 440 440 444 444 
32 32 36 36 124 124 128 128 128 132 136 136 272 276 276 276 276 280 280 280 284 284 288 288 292 292 296 296 300 304 376 376 380 384 384 384 388 392 392 392 436 436 440 444 444 
32 32 36 36 124 124 128 128 128 132 132 136 272 272 276 276 276 276 276 280 280 280 284 284 284 288 288 288 292 296 296 300 304 304 376 376 380 384 384 384 392 392 392 392 436 436 440 444 
32 32 36 36 124 124 128 128 128 128 132 132 272 276 276 276 276 280 280 280 288 288 292 292 292 296 296 300 304 304 308 372 376 376 380 384 384 388 388 392 392 392 436 436 440 440 444 444 
32 32 36 36 124 124 128 128 128 128 128 132 272 276 276 276 276 276 276 280 280 288 292 292 292 292 296 304 308 372 372 376 376 380 384 388 388 388 388 392 436 436 440 440 444 444 
32 32 36 36 128 128 128 128 128 128 128 132 272 272 276 276 276 276 276 276 280 292 292 292 296 296 304 308 312 312 372 372 376 376 384 384 388 388 388 388 392 436 436 444 444 
32 32 36 36 128 128 128 128 128 128 132 132 268 272 272 276 276 276 276 288 292 292 296 296 296 300 304 308 312 316 368 372 372 376 384 388 388 388 388 388 392 392 436 436 440 444 
32 32 36 36 128 132 132 132 132 268 272 276 276 276 276 276 288 288 292 296 296 300 300 308 312 316 316 368 368 372 384 388 388 388 392 436 436 440 440 444 444 
32 32 32 36 128 132 132 132 132 132 132 136 268 268 272 276 276 276 276 288 288 300 300 304 308 312 316 316 320 368 368 372 380 384 384 388 388 388 388 392 392 436 436 440 444 444 
32 32 32 36 128 132 132 132 132 132 136 136 136 268 268 272 276 276 276 276 276 276 288 288 300 304 304 312 316 320 320 364 368 368 368 372 380 388 388 388 388 392 392 436 440 444 444 
32 32 132 132 132 136 136 136 264 268 272 276 276 276 276 276 284 284 288 288 304 304 308 308 312 316 320 324 368 368 372 372 380 380 388 388 388 392 436 436 440 440 444 
32 32 128 132 132 136 136 136 136 140 264 264 268 272 272 272 276 276 276 280 284 284 304 308 308 316 320 324 368 368 368 372 372 376 380 380 388 388 388 388 392 392 436 440 444 444 
32 32 128 132 132 132 136 136 140 140 260 264 272 272 272 272 276 276 276 280 284 308 308 312 312 316 320 324 368 368 372 376 380 384 384 388 388 392 392 436 440 440 444 444 
32 32 132 132 136 140 140 144 144 260 260 264 272 272 272 276 276 280 284 308 308 312 312 320 324 324 328 368 368 372 376 376 384 384 392 392 436 440 440 444 444 
32 132 140 144 144 148 260 264 268 272 272 272 272 276 276 280 280 284 312 312 316 316 320 324 324 328 328 368 368 376 376 380 384 384 388 392 440 440 444 444 
132 136 136 140 144 144 148 148 152 260 264 268 268 272 276 276 276 280 280 312 316 316 324 328 328 368 372 372 376 380 384 384 388 392 440 440 440 444 444 
132 132 136 136 144 148 148 152 260 268 268 268 276 276 276 280 280 316 316 320 320 324 328 328 332 368 372 372 372 372 372 376 376 380 384 388 392 440 440 444 444 
132 136 144 148 152 152 156 256 260 260 264 268 268 268 272 276 276 276 280 316 320 320 324 328 332 372 372 372 372 372 376 376 376 380 380 388 388 440 440 444 444 
136 136 148 152 156 156 256 256 260 264 268 268 272 272 276 276 320 320 324 324 328 332 332 372 372 372 372 376 376 376 380 380 388 388 440 440 444 444 
136 140 148 152 156 156 160 160 256 260 260 264 268 268 272 272 272 272 272 276 276 276 320 320 324 324 324 332 332 336 372 372 372 372 372 372 372 372 376 376 376 376 376 380 380 388 440 440 444 444 
136 140 152 156 160 160 164 256 256 260 264 268 268 272 272 272 272 272 276 276 276 320 320 324 324 328 332 332 336 336 372 372 372 372 372 372 376 376 376 376 384 388 440 440 444 444 
140 144 152 156 160 160 164 164 256 260 264 268 268 268 272 272 272 272 276 276 320 324 324 328 332 332 368 372 372 372 372 376 376 376 376 376 384 384 440 440 444 444 
144 156 160 164 164 168 168 256 256 260 264 268 268 268 268 272 272 272 324 324 328 332 332 368 372 372 372 376 376 376 376 376 384 384 440 440 444 444 
144 148 160 164 168 168 172 252 256 256 260 260 264 264 268 268 268 268 268 272 272 272 272 324 324 324 328 328 328 328 332 332 364 368 372 372 376 376 376 376 376 376 380 380 384 440 440 444 444 
148 152 160 164 168 172 252 252 256 260 260 264 264 268 268 268 272 272 324 324 328 328 328 328 328 328 360 364 372 372 376 376 376 376 376 376 380 380 380 380 440 440 440 444 
152 168 172 176 252 256 256 260 260 264 264 264 268 268 268 272 272 324 328 328 328 328 328 328 356 360 372 376 376 376 376 376 380 380 380 380 440 440 444 444 
156 156 168 172 176 180 256 256 260 260 260 260 264 264 268 268 268 272 324 328 328 328 328 328 328 328 356 356 364 376 376 376 376 376 376 380 380 440 440 444 444 
156 160 160 176 180 184 256 256 256 260 260 264 264 264 268 268 268 324 324 324 328 328 352 356 360 364 376 376 376 376 380 380 380 440 440 444 
160 164 164 176 180 184 184 256 256 260 260 260 264 264 264 264 268 268 320 324 324 324 324 324 324 328 328 352 352 356 360 376 376 376 376 380 380 380 384 440 440 444 444 
164 164 168 168 180 184 188 192 256 256 256 260 264 264 264 264 268 268 320 320 324 324 324 324 328 328 348 352 356 372 372 376 376 380 380 380 384 440 440 444 444 
168 172 184 188 192 252 256 256 256 260 264 264 264 264 264 264 268 268 316 320 320 324 324 328 328 328 348 352 356 368 372 372 376 376 380 380 384 440 440 444 444 
172 172 176 192 196 256 256 256 260 264 264 264 264 264 264 264 268 312 316 316 320 324 324 328 328 348 352 368 376 376 380 384 384 440 440 444 
176 176 192 196 196 200 256 256 256 260 260 264 264 264 264 264 264 264 264 264 264 268 268 312 316 316 324 324 324 328 328 344 348 352 364 368 376 376 380 384 388 440 440 444 444 
180 180 196 200 204 256 256 256 260 260 264 264 264 264 264 264 264 264 308 312 312 316 324 324 324 328 344 348 360 364 376 380 380 384 384 388 392 440 440 444 444 
184 184 196 200 204 256 256 256 260 264 264 264 264 264 264 264 264 308 312 316 320 324 324 340 344 344 348 360 360 376 380 380 384 388 392 392 440 440 444 444 444 444 
184 188 200 204 208 256 256 260 260 260 264 264 264 264 264 268 304 304 308 312 320 320 324 324 340 340 344 348 356 360 380 380 388 392 396 396 440 440 444 444 444 
192 208 212 212 256 256 260 260 260 260 260 264 264 264 264 268 268 304 304 308 308 320 320 324 336 340 356 356 380 384 384 388 392 396 396 440 440 444 444 444 444 448 
192 196 196 208 212 216 216 256 260 260 260 260 260 264 264 264 264 268 268 268 268 272 300 300 304 308 316 320 320 336 340 352 356 380 384 384 388 392 396 396 440 440 444 444 444 
196 200 212 216 220 260 260 260 260 260 260 264 264 264 268 268 268 268 268 272 272 300 300 304 308 316 320 320 332 336 340 352 380 384 384 392 396 400 440 440 444 444 444 444 448 448 
200 204 216 220 220 224 260 260 260 260 260 260 260 264 264 268 268 268 268 272 272 296 300 300 316 316 320 320 328 332 336 348 352 384 384 396 400 440 440 444 444 444 448 
204 204 216 220 224 228 260 260 260 260 260 260 260 264 264 268 268 272 272 296 300 312 316 316 328 336 348 384 384 396 400 440 440 444 444 444 448 448 
208 224 228 228 260 260 260 260 260 260 264 264 268 272 272 272 272 296 296 300 312 312 316 316 324 328 332 344 384 396 400 404 440 444 444 444 444 448 
208 208 212 224 228 232 260 260 260 260 260 264 264 264 264 268 268 272 272 272 272 276 292 296 296 300 308 312 312 320 324 328 344 384 388 388 396 400 404 440 440 444 444 444 444 448 
212 224 228 232 236 260 260 260 260 264 264 268 268 268 272 272 276 276 292 296 296 300 308 312 312 320 324 340 384 388 388 400 400 404 440 440 444 444 444 444 448 
32 216 232 236 240 260 260 260 260 260 264 264 268 268 276 276 276 280 292 292 296 296 300 308 308 312 312 320 324 340 340 388 388 400 404 404 440 440 444 444 444 
32 220 220 236 240 240 260 260 260 264 264 264 268 268 272 272 276 276 276 280 280 292 292 296 296 304 308 308 312 320 324 340 340 388 388 392 392 400 404 440 440 444 444 444 444 
32 32 32 220 224 236 240 240 244 260 260 260 264 264 264 268 272 272 276 276 276 280 280 288 292 296 296 304 308 308 316 320 324 340 340 388 392 392 396 400 404 404 440 440 444 444 444 
32 32 32 224 224 228 240 244 260 260 264 264 272 272 272 276 276 276 276 280 280 288 292 300 304 304 308 316 320 324 336 340 340 392 392 400 400 404 404 440 440 444 444 444 
32 32 32 224 228 240 244 248 248 260 260 264 264 264 264 272 272 272 276 276 276 276 280 288 288 292 300 304 304 316 320 336 392 392 400 400 400 404 440 440 444 444 444 
32 228 228 232 244 248 264 264 264 264 264 264 272 272 272 276 276 276 276 276 280 280 284 288 288 292 300 300 304 304 304 316 316 320 324 336 336 392 396 400 400 400 440 440 444 444 
228 232 244 248 248 252 264 264 264 264 264 264 264 264 272 272 276 276 276 280 280 284 284 288 292 300 300 316 320 320 336 392 396 396 400 400 400 440 440 440 440 444 444 
232 236 244 248 252 252 264 264 264 264 264 264 272 272 276 276 280 280 280 280 284 284 284 288 296 296 296 300 300 316 316 320 332 336 396 396 396 400 400 400 440 440 440 440 440 444 444 
32 236 240 248 252 256 256 264 264 264 264 264 264 272 272 276 276 280 280 280 280 284 284 288 292 296 296 316 316 320 332 332 396 396 400 400 400 400 440 440 440 440 440 440 440 444 444 
32 32 240 240 252 256 260 264 264 264 264 264 264 272 276 276 276 280 280 280 280 280 280 284 292 292 296 296 312 316 316 320 332 396 396 400 400 400 400 440 440 440 444 444 444 
32 32 32 240 244 244 252 256 260 264 264 264 264 264 264 264 276 276 276 280 280 280 280 280 280 292 292 296 312 312 316 328 396 396 400 400 400 400 440 440 444 444 444 444 
32 32 32 244 244 256 260 260 264 264 264 264 264 264 264 264 272 276 276 276 276 280 280 280 280 280 288 288 292 292 292 308 312 312 316 324 328 328 396 396 400 400 400 440 440 440 444 444 444 444 448 
32 32 32 244 248 248 260 260 260 264 264 264 264 264 264 264 264 272 276 276 276 276 280 280 280 280 288 288 292 292 308 308 312 312 324 328 396 396 396 400 400 400 440 440 444 444 444 444 448 448 
32 32 32 248 252 260 260 260 260 264 264 264 268 268 272 276 276 276 276 276 276 276 280 280 280 284 288 288 292 292 308 308 312 324 324 396 396 396 400 400 400 440 440 440 444 444 444 444 
32 32 32 252 252 256 260 260 260 264 264 264 264 268 268 272 272 276 276 276 276 276 276 276 276 276 280 284 284 288 288 304 308 312 320 324 396 396 396 400 400 400 404 440 440 444 444 444 444 444 444 448 
32 32 256 256 256 260 260 260 264 264 264 264 264 268 272 272 276 276 276 276 276 276 276 284 284 288 288 300 304 308 320 396 396 396 400 400 400 404 440 440 444 444 444 444 444 448 
32 32 36 256 256 256 260 260 260 260 260 260 264 264 264 264 268 268 272 272 272 272 276 276 276 276 276 276 276 276 276 280 284 284 288 300 304 308 320 320 396 396 396 400 400 400 400 404 440 440 444 444 444 444 444 448 
32 32 36 256 256 260 260 260 260 264 264 264 268 268 272 272 272 272 272 276 276 276 276 276 280 280 284 284 300 304 316 320 396 396 396 400 400 400 400 404 440 440 444 444 444 444 444 444 
32 32 252 256 256 256 260 260 260 260 264 264 264 264 264 268 268 268 272 272 272 272 276 276 276 276 276 280 280 280 280 280 284 284 296 300 304 316 320 396 396 400 400 400 400 404 440 440 444 444 444 444 444 448 
32 32 252 252 256 256 256 260 260 264 264 264 264 264 264 268 268 268 268 268 272 272 272 276 276 276 276 276 276 280 280 280 280 280 296 300 304 316 396 396 400 400 400 400 404 440 440 444 444 444 444 444 448 
32 32 36 252 252 256 256 260 260 260 264 264 264 264 264 268 268 268 272 272 276 276 276 276 276 276 276 280 280 280 280 284 296 304 316 316 396 396 400 400 400 400 440 444 444 444 444 444 444 448 448 
32 32 36 248 248 252 252 252 256 256 260 264 264 264 264 264 268 268 268 268 272 272 272 276 276 276 276 276 280 280 280 284 284 292 296 300 304 316 316 396 396 400 400 400 400 440 440 444 444 444 444 444 444 448 448 448 
32 32 36 248 248 252 252 252 256 256 260 260 264 264 264 268 268 268 272 272 272 272 276 276 280 280 280 284 284 292 296 300 312 316 396 396 400 400 400 400 440 440 444 444 444 444 444 448 448 448 
32 36 244 248 248 252 252 256 256 256 260 264 264 264 264 268 268 272 272 272 272 276 276 280 284 284 292 300 312 396 396 400 400 400 400 400 440 444 444 444 444 444 448 
32 32 36 36 244 248 248 252 252 256 256 260 260 260 264 264 268 268 272 272 272 272 276 276 280 284 284 288 292 292 296 300 312 396 396 400 400 400 400 400 440 440 444 444 444 444 444 444 448 448 448 
32 32 36 36 240 240 244 244 244 248 248 252 252 252 256 260 260 260 260 264 264 264 264 264 268 272 272 276 276 276 276 284 284 288 288 288 292 296 312 396 396 400 400 400 400 400 400 440 444 444 444 444 444 444 448 448 
32 32 36 36 240 240 244 244 248 248 248 248 252 252 256 260 260 260 260 264 264 264 264 268 272 272 276 276 280 284 284 288 288 292 292 308 312 396 396 400 400 400 400 400 400 444 444 444 444 444 444 448 
32 32 36 236 236 240 244 244 248 248 248 248 252 252 256 256 260 260 260 260 260 264 264 268 272 272 276 276 280 280 288 288 292 292 296 308 312 396 396 400 400 400 400 400 400 444 444 444 444 444 444 444 448 448 
32 32 36 232 236 244 244 244 244 248 248 248 248 252 252 252 256 256 256 260 260 260 260 264 268 268 272 280 280 284 288 288 292 292 292 296 296 308 396 396 400 400 400 400 400 400 444 444 444 444 444 444 448 448 448 
32 32 36 40 232 232 236 240 244 244 244 244 248 248 252 252 252 256 256 256 260 260 264 264 268 280 280 284 284 288 288 292 292 296 304 308 396 396 400 400 400 400 400 400 444 444 444 444 444 444 444 448 448 448 
32 32 36 40 228 232 232 236 240 244 244 244 244 248 248 248 252 252 252 252 256 256 260 260 264 268 280 284 284 284 292 296 300 300 304 308 396 396 396 400 400 400 400 400 400 444 444 444 444 444 444 444 448 448 448 
32 32 36 36 40 40 228 232 236 240 244 244 248 248 248 252 252 252 256 260 260 260 264 264 268 280 284 284 288 296 300 304 304 304 304 396 396 396 400 400 400 400 400 400 440 444 444 444 444 444 444 444 444 448 448 448 448 
32 32 36 36 40 40 224 228 228 232 236 236 240 244 244 244 244 248 248 248 248 248 252 252 256 260 260 260 264 264 276 280 284 284 288 288 300 300 300 304 308 396 396 396 400 400 400 400 400 400 440 444 444 444 444 444 444 448 448 448 448 
32 32 36 36 40 224 224 228 232 236 236 240 240 244 244 244 244 244 248 248 248 248 248 252 256 256 260 260 264 276 280 284 288 288 300 300 300 304 308 308 396 396 396 396 400 400 400 400 400 400 444 444 444 444 444 444 448 448 448 448 448 448 448 
32 32 36 36 40 220 224 228 236 240 240 244 244 244 244 244 248 248 252 256 256 260 260 264 276 280 284 288 292 292 296 300 300 304 308 308 312 396 396 396 400 400 400 400 400 400 400 444 444 444 444 448 448 448 448 448 448 
32 32 36 40 220 220 224 228 236 236 240 240 240 244 244 244 244 244 248 248 248 256 256 256 260 260 260 272 276 280 292 292 296 296 296 304 308 308 312 396 396 396 400 400 400 400 400 400 400 444 444 444 444 444 448 448 448 448 448 448 448 
32 32 36 40 216 220 220 224 228 236 236 236 236 240 240 240 244 244 248 256 256 256 260 260 260 272 272 292 292 296 296 296 304 308 312 316 316 396 396 396 400 400 400 400 400 400 400 444 444 444 444 448 448 448 448 448 448 448 
32 36 40 40 212 216 220 232 232 232 236 236 236 236 240 240 244 244 248 256 256 256 256 260 260 260 268 272 276 292 292 296 300 312 316 320 320 396 396 396 400 400 400 400 400 400 444 444 444 444 448 448 448 448 448 448 448 448 
32 36 40 40 44 212 216 220 228 232 232 232 236 236 236 240 244 244 248 252 256 256 256 256 260 260 268 272 276 292 292 300 300 304 316 320 324 396 396 396 400 400 400 400 400 400 400 444 444 444 444 444 444 448 448 448 448 448 448 
32 36 40 44 208 208 212 216 220 228 232 232 232 236 244 244 248 248 252 256 256 256 260 260 268 272 276 288 292 300 300 304 304 316 324 324 396 396 396 400 400 400 400 400 400 444 444 444 444 444 444 444 448 448 448 448 448 
32 36 40 40 44 204 208 212 216 224 228 228 228 228 232 232 236 244 248 248 248 252 252 252 256 256 260 260 268 268 272 276 288 288 304 304 316 320 324 328 396 396 396 400 400 400 400 400 400 444 444 444 444 444 444 444 444 444 444 448 448 448 448 448 
32 36 40 40 44 44 204 204 208 212 216 224 224 224 228 228 228 228 232 236 244 248 248 248 248 248 252 252 252 256 256 260 268 272 284 288 304 304 308 320 324 324 328 396 396 396 400 400 400 400 400 400 444 444 444 444 444 444 444 444 444 448 448 448 448 
32 36 40 40 44 44 204 204 208 224 224 224 228 228 232 236 244 244 244 248 248 248 248 252 256 256 260 268 272 284 308 308 312 324 328 328 332 396 396 396 400 400 400 400 400 400 444 444 444 444 444 444 444 444 444 448 448 448 448 
32 36 40 44 44 200 200 204 208 220 220 220 224 224 224 232 244 248 248 248 248 252 256 256 260 268 272 272 280 284 284 312 324 328 332 332 396 396 396 400 400 400 400 400 400 444 444 444 444 444 444 444 444 444 444 448 448 448 448 448 
32 36 40 44 44 196 200 204 208 216 220 220 220 224 224 224 240 240 244 244 248 248 252 252 256 256 268 272 272 280 284 312 316 316 328 332 332 336 396 396 396 400 400 400 400 400 400 440 444 444 444 444 444 444 444 444 444 448 448 448 448 448 
32 36 40 44 44 48 196 200 204 208 216 216 220 220 220 224 240 240 244 244 248 248 252 252 256 256 268 272 272 272 280 280 316 316 320 320 328 332 336 336 340 396 396 396 400 400 400 400 400 400 440 440 440 444 444 444 444 444 444 444 444 448 448 448 
32 36 40 44 48 196 196 200 204 212 216 216 216 216 220 220 224 236 240 248 248 252 252 256 256 272 272 272 280 280 320 324 336 340 344 344 396 396 400 400 400 400 400 400 440 440 440 444 444 444 444 444 444 448 448 448 
32 36 40 44 48 48 196 196 200 204 212 212 212 216 216 216 220 220 224 236 236 240 248 248 248 252 252 256 256 272 272 272 276 280 280 324 324 328 328 336 340 344 344 348 396 396 400 400 400 400 400 440 440 440 440 444 444 444 444 444 448 448 448 
32 36 40 44 44 48 48 196 200 204 212 212 212 216 216 216 220 236 236 240 248 248 252 252 252 252 256 256 272 276 276 328 328 332 344 348 352 396 396 400 400 400 400 400 440 440 440 440 444 444 444 444 444 444 444 448 448 448 
32 36 40 44 44 48 48 196 196 200 200 204 208 212 212 212 216 216 216 220 232 232 236 236 248 248 248 252 252 256 256 276 276 276 276 276 276 332 336 336 344 348 352 352 356 396 396 400 400 400 400 440 440 444 444 444 444 444 444 444 444 448 448 448 
32 32 36 40 44 44 48 48 196 200 200 204 208 212 212 212 216 216 232 232 248 248 248 252 252 252 256 256 276 276 276 276 276 276 276 336 336 340 348 352 352 356 396 396 400 400 400 400 440 440 444 444 444 444 444 444 444 444 444 444 448 448 448 
32 32 36 40 44 48 48 200 200 204 204 204 208 212 212 212 216 216 228 228 232 232 248 248 248 252 252 252 256 256 276 276 276 276 276 276 340 340 344 348 352 356 356 360 392 396 396 396 400 400 400 440 444 444 444 444 444 444 444 444 444 444 448 448 448 
32 32 36 40 44 48 48 52 200 204 204 204 204 204 208 212 212 212 216 224 228 228 244 248 248 248 252 252 256 256 276 276 276 276 276 276 280 340 344 352 356 360 360 364 392 396 396 396 400 400 400 440 440 444 444 444 444 444 444 444 444 448 448 448 448 
32 32 36 36 40 44 44 48 48 48 52 200 204 204 204 204 204 204 208 208 208 212 212 212 224 224 228 228 244 244 248 248 248 252 252 256 256 276 276 280 280 280 344 348 356 360 360 364 364 392 396 396 396 400 400 400 440 440 444 444 444 444 444 444 444 444 448 448 448 448 448 
32 36 36 36 40 44 44 48 48 48 200 200 204 208 208 208 208 208 208 212 212 212 220 224 224 228 244 244 248 248 248 248 252 252 256 276 276 280 280 280 284 284 348 348 352 360 360 364 364 392 396 396 396 400 400 400 440 440 444 444 444 444 444 444 444 444 444 448 448 448 448 448 
36 36 40 44 44 48 48 196 200 200 208 208 208 208 208 208 208 208 208 212 212 220 224 244 244 248 248 248 248 252 252 256 276 280 280 284 284 284 352 352 356 360 364 368 392 392 396 396 396 396 400 400 400 440 444 444 444 444 444 444 444 444 448 448 448 448 448 448 
36 36 40 40 40 44 44 44 44 48 48 196 200 208 212 212 212 212 212 212 212 216 220 220 224 244 244 248 248 248 252 252 252 276 280 280 284 284 284 288 352 352 356 356 360 364 364 368 368 392 392 392 396 396 396 400 400 400 440 444 444 444 444 444 444 444 444 448 448 448 448 448 448 
36 36 40 40 40 44 44 44 44 44 48 48 196 200 208 208 212 212 212 212 216 216 216 220 244 244 248 248 248 252 252 280 280 284 284 288 356 356 360 364 364 368 372 392 392 392 396 396 396 400 400 440 444 444 444 444 444 444 444 448 448 448 448 448 448 
40 40 44 44 44 44 44 192 192 196 200 208 208 212 212 212 212 216 216 216 216 220 220 244 244 248 248 252 252 280 280 284 288 288 288 356 356 360 364 368 372 388 392 392 396 396 396 400 400 444 444 444 444 444 444 444 444 448 448 448 448 448 448 
40 40 44 44 44 44 44 44 192 192 196 200 208 212 212 212 212 216 216 216 216 220 220 244 244 248 248 252 252 280 284 288 288 288 360 368 368 372 372 376 376 388 388 392 392 396 396 400 400 440 444 444 444 444 444 444 444 444 444 448 448 448 448 448 448 
40 40 44 44 44 44 44 44 44 188 192 196 200 208 212 212 212 212 216 216 216 220 220 224 240 244 244 248 252 252 284 284 288 288 292 292 360 360 364 364 372 376 380 388 388 392 392 396 396 400 400 400 440 444 444 444 444 444 444 444 444 448 448 448 448 448 448 
40 40 44 44 44 44 44 44 44 188 188 192 200 208 212 212 212 216 220 220 224 224 240 240 244 244 244 248 252 252 284 284 288 292 292 292 364 372 376 380 380 384 388 388 392 392 392 396 396 400 400 400 440 444 444 444 444 444 444 444 444 444 448 448 448 448 448 448 
40 40 40 44 44 44 44 44 44 188 188 192 208 212 212 212 216 216 220 224 224 228 240 244 244 244 252 252 284 288 288 292 292 292 364 364 380 384 388 388 392 392 396 396 400 400 400 440 444 444 444 444 444 444 444 444 444 444 448 448 448 448 448 448 
40 40 40 44 44 44 44 44 44 44 184 188 192 208 208 212 216 216 220 224 228 228 240 244 244 244 252 252 288 288 292 292 292 292 364 364 368 380 384 384 384 388 388 388 392 392 400 400 400 444 444 444 444 444 444 444 444 444 444 448 448 448 448 448 
40 40 40 40 44 44 44 44 44 44 184 184 188 192 204 204 208 216 216 216 220 224 228 228 232 244 244 244 248 248 252 252 288 288 292 292 292 292 368 380 384 384 388 388 388 388 392 392 400 400 400 444 444 444 444 444 444 444 444 444 444 448 448 448 448 448 
40 40 40 40 44 44 44 44 44 44 44 44 180 184 184 188 192 200 200 204 204 216 216 220 220 220 224 228 232 232 244 244 244 248 252 252 288 292 292 292 368 372 380 384 384 388 388 388 388 392 392 392 400 400 400 444 444 444 444 444 444 444 444 444 448 448 448 
40 40 40 40 44 44 44 44 44 44 180 184 188 200 200 204 216 220 220 228 232 236 244 244 244 248 248 252 252 288 288 292 292 292 292 292 368 372 372 384 388 388 388 392 392 392 392 400 400 400 440 440 440 444 444 444 444 444 444 444 444 444 444 448 448 448 
40 40 40 44 44 44 44 44 44 44 176 176 180 184 196 196 200 220 220 224 224 228 232 236 240 244 244 244 244 248 248 252 288 288 292 292 292 372 372 376 384 388 388 388 392 392 392 396 400 400 400 440 440 440 440 440 444 444 444 444 444 448 448 448 
40 40 40 44 44 44 44 44 44 172 176 176 180 184 196 196 200 220 220 224 224 228 232 236 240 240 244 244 244 248 248 252 288 288 288 292 292 372 372 376 384 388 388 388 392 392 392 396 400 400 400 440 440 440 440 440 440 440 444 444 444 444 448 448 448 
40 40 40 40 44 44 44 44 44 172 176 180 184 192 196 196 220 224 224 236 240 240 244 244 248 248 248 248 252 284 288 288 288 292 376 384 384 388 388 392 392 396 400 400 400 436 436 436 440 440 440 440 440 440 444 444 444 448 448 448 
40 40 40 40 40 40 44 44 44 168 168 172 172 176 180 192 196 224 224 228 228 232 236 240 244 244 244 248 248 248 248 248 248 248 252 284 284 288 288 292 292 376 376 380 384 384 388 388 392 392 400 400 400 400 436 436 436 436 440 440 440 444 444 448 448 448 
40 40 40 40 40 40 44 44 44 44 168 168 172 172 176 188 192 224 224 228 228 228 236 240 244 244 248 248 248 248 248 248 248 248 252 284 284 288 292 380 380 384 384 388 388 392 392 396 400 400 400 404 432 436 436 436 436 440 440 440 444 444 448 448 448 
40 40 40 40 40 40 40 44 44 44 44 164 168 172 176 188 192 228 228 232 232 236 240 244 248 248 248 248 248 248 248 248 248 252 280 284 284 288 292 380 384 384 384 388 388 392 392 396 400 400 404 432 432 436 436 436 436 440 440 444 444 448 448 448 
40 40 40 40 40 40 44 44 44 44 164 164 168 172 184 188 228 228 232 232 240 244 248 248 248 248 252 252 252 280 284 288 292 380 384 384 384 388 388 392 396 400 400 400 404 408 432 432 432 436 436 436 440 440 444 444 448 448 448 
40 40 40 40 40 40 44 44 44 160 164 184 188 228 228 232 232 232 236 240 244 248 248 248 248 248 252 252 252 252 280 284 284 288 288 292 380 380 384 384 384 388 388 392 396 400 400 400 404 408 408 428 432 432 432 432 436 436 444 444 448 448 448 
40 40 40 40 40 40 40 40 44 44 44 156 160 164 180 184 232 232 232 236 236 244 248 248 248 248 252 252 252 252 252 256 256 280 280 284 284 288 292 380 380 384 384 384 384 388 388 388 392 396 396 400 400 400 404 408 408 428 428 432 432 432 432 432 432 436 436 444 444 448 448 448 
40 40 40 40 40 40 40 44 156 156 160 164 176 180 184 232 232 232 236 236 244 248 248 248 248 252 252 252 252 252 252 256 280 280 284 284 288 292 380 380 384 384 384 384 388 388 392 396 396 400 400 404 408 408 428 432 432 432 432 432 432 432 436 436 444 448 448 448 
36 36 40 40 40 40 40 40 40 40 44 156 156 160 164 176 180 180 232 232 236 236 248 248 248 252 252 252 252 252 252 256 256 256 280 280 284 288 292 380 380 384 384 384 388 396 396 400 400 404 404 408 408 428 428 432 432 432 432 436 436 444 444 448 448 448 
36 36 36 36 40 40 40 40 40 40 40 44 44 152 152 156 156 160 164 176 176 180 232 236 236 244 248 248 248 252 252 252 252 252 252 256 256 256 256 280 280 284 288 292 380 380 384 384 384 384 388 396 396 400 400 404 404 408 408 428 428 428 432 432 436 436 444 444 448 448 448 
32 32 36 36 36 36 40 40 40 44 148 152 152 164 172 176 176 232 236 236 240 244 248 252 252 252 256 256 256 256 256 256 280 284 288 292 380 380 384 384 384 384 388 388 396 396 400 400 404 408 408 424 424 428 428 428 428 432 432 444 444 448 448 448 
